UTM_X_GPS;UTM_Y_GPS
522185;4105492
521680;4105491
521694;4104993
521179;4105494
521185;4105994
520683;4105491
520684;4104997
520934;4106493
520680;4106487
520430;4106491
520171;4106489
520432;4106738
520681;4106738
520936;4106743
520934;4106993
520682;4106992
520432;4106995
517684;4104497
517187;4104996
516683;4105493
515437;4106493
515184;4105497
514934;4106242
514931;4106496
515165;4107273
514934;4106997
514937;4106743
514682;4106995
514184;4106991
514186;4105992
513685;4106495
513183;4106995
513189;4106492
513682;4105495
512682;4106494
512666;4106971
511680;4105996
510182;4106490
510182;4106993
509683;4106996
514684;4107246
516681;4106741
527183;4102992
527179;4103489
526683;4103488
527680;4103493
527684;4102996
528180;4102487
528463;4102180
528646;4102176
528693;4101995
526682;4103993
527181;4103992
527686;4103988
528183;4103989
528179;4103490
528182;4102990
528402;4101701
528430;4102491
528671;4102482
528874;4102495
528931;4102742
529186;4102490
529436;4102493
528688;4102736
528434;4102742
528909;4102939
528668;4102988
528431;4102987
528669;4103195
528569;4103449
528686;4103994
527182;4104496
526688;4104493
526681;4104989
526186;4104989
526184;4104490
526188;4103990
527929;4104239
528435;4104243
495687;4108998
495683;4110998
495686;4109992
494683;4108991
494684;4107995
494687;4106994
495687;4106996
493685;4106998
493677;4107988
492686;4107993
492183;4107991
491684;4107994
492685;4108996
492692;4109498
491686;4108997
490183;4109495
490184;4107992
490183;4110495
489686;4109990
489684;4108994
489683;4107992
489684;4108492
488499;4103991
486739;4100971
486687;4099987
485693;4099987
485685;4098993
526681;4102984
527180;4102490
501685;4102997
499680;4101994
501689;4103995
500684;4102994
500686;4104002
501681;4099994
501684;4099492
499684;4102995
502684;4100994
501682;4100997
501687;4101997
498683;4105991
517684;4103001
516686;4103998
516683;4102992
517690;4101996
516667;4101990
517681;4101492
518685;4101990
516686;4102490
515709;4102000
515687;4102996
518683;4100992
514689;4102994
514687;4101990
518684;4101497
483681;4094989
484691;4100992
481685;4100995
480683;4097990
480682;4096998
480684;4095994
480681;4094993
479691;4093993
470196;4089989
469722;4090017
524684;4102991
463693;4091986
463173;4091992
463171;4092499
463183;4092241
462933;4092245
462933;4092494
462933;4091990
462682;4090987
470688;4092994
458692;4102490
457194;4101486
457692;4101494
457685;4100999
456682;4101489
456683;4101988
457182;4102491
455685;4101485
455688;4101990
455185;4102989
454181;4101992
453829;4102397
453682;4102989
453185;4103491
452689;4102992
452690;4101989
452188;4102995
457185;4102988
453181;4102491
453689;4102742
453435;4102991
453426;4102712
453437;4103494
452936;4103494
452935;4103240
453188;4103244
452685;4102491
452435;4102490
452431;4102745
452184;4102744
452434;4102991
451937;4102495
452181;4102241
451932;4102741
452433;4101997
452685;4101741
500683;4109992
499678;4107996
499681;4108998
498680;4110491
458688;4099999
459191;4099993
457189;4098990
457687;4098497
455899;4098802
453180;4100495
452935;4100495
452682;4100492
452685;4100238
452437;4099995
452681;4099992
453180;4100243
453182;4099997
452435;4099739
452183;4099744
452183;4099997
451932;4099743
451938;4099494
451686;4099492
451686;4099742
451681;4099238
451935;4100240
451930;4100496
451679;4100497
453183;4099739
451432;4099494
453682;4099246
453687;4098988
453935;4099239
453937;4099496
498686;4109991
498683;4108994
498679;4107994
498183;4107996
497686;4108996
496685;4107997
497683;4108496
495699;4107997
509687;4107497
509174;4107461
509186;4108496
508686;4107495
508685;4106995
508184;4106998
508681;4106492
507683;4106493
512684;4103994
513686;4102999
513658;4101994
513687;4100994
470176;4108003
470226;4107509
471187;4108493
469169;4109523
465695;4107989
465201;4108004
465183;4107494
464195;4108540
463335;4108925
462642;4109025
463706;4108547
470636;4107014
465691;4109996
466171;4110004
466683;4109503
466164;4109493
467181;4109523
467680;4109503
470371;4108490
472655;4109255
472658;4108874
469205;4108015
469662;4108485
469667;4109000
469184;4108993
504185;4106992
504678;4106994
504682;4107497
504184;4107491
503679;4107992
504178;4107992
504683;4108001
504679;4108495
504179;4108494
504680;4108983
503680;4109007
502680;4106998
502186;4106995
501685;4107493
501680;4107995
502675;4107994
502681;4108991
501682;4108995
501685;4109994
501181;4108995
501186;4109492
501179;4107993
501182;4108481
479682;4114497
480184;4113996
480686;4113994
481687;4113994
480683;4115494
480682;4110994
480684;4111996
482667;4112995
481169;4111000
481684;4110991
482683;4110996
482685;4113996
482685;4109995
481685;4109994
481667;4111986
484185;4109494
481687;4112995
483193;4113496
483188;4107998
483186;4108494
483697;4108995
484185;4110993
484187;4110494
483652;4110496
482684;4109015
482676;4107987
485181;4112010
483648;4109992
484685;4111495
458685;4092994
458687;4090991
511685;4103992
509685;4103998
457686;4090994
486686;4108491
486690;4108990
486687;4109996
486186;4109995
488187;4108995
487683;4108494
488684;4107994
485684;4110995
487184;4107994
485681;4109995
489685;4110994
489185;4107994
489686;4110498
488687;4106995
488185;4107492
488685;4108992
487685;4107996
487684;4109994
489185;4109996
488686;4109494
488186;4109492
489185;4109490
488686;4109992
525685;4103995
525682;4104489
525684;4104988
525184;4104987
525188;4104492
524683;4104983
524688;4104489
524181;4104496
524183;4104994
523680;4104486
523179;4104991
522678;4104994
522184;4104989
477217;4115993
477687;4117050
477680;4116451
477183;4116490
477548;4117329
478132;4118491
477682;4113556
477186;4113493
478187;4117993
477672;4117738
477181;4114495
478681;4117490
478182;4116991
478683;4116994
477680;4114991
477679;4115493
477242;4115460
478184;4115993
477684;4115995
478680;4115992
458198;4103490
458682;4103991
458193;4103995
459184;4104491
455683;4104495
454684;4104492
454183;4104491
453678;4104492
457187;4104998
459184;4104995
458680;4104998
458183;4105492
457689;4105495
457189;4105984
457187;4105491
456687;4105497
456685;4104994
456183;4104991
455690;4104998
454680;4104998
455182;4105496
455179;4105997
455687;4106497
456182;4106486
455687;4106998
454684;4106995
453685;4106497
456185;4107486
455683;4107491
455184;4107494
459685;4105494
459184;4106495
459181;4105991
460186;4106497
460681;4106494
461195;4105996
461183;4105494
461684;4105989
457692;4104991
455689;4107988
455181;4107981
460180;4105999
460684;4108491
456189;4107996
455686;4107740
455931;4107995
455434;4107746
455432;4107992
455432;4108245
455187;4107743
454934;4108490
455183;4108239
455685;4105993
455182;4105241
454936;4105239
454935;4104992
455681;4104744
455938;4104742
454433;4104742
454437;4104492
454188;4104735
456433;4104991
457188;4104743
457436;4104748
457181;4105244
456937;4105242
456936;4105495
457185;4105739
455931;4104996
459440;4105492
459435;4105248
459680;4106241
459181;4106243
459186;4106743
459435;4106747
529428;4104493
529186;4104992
529184;4104737
528681;4104489
528182;4104988
528183;4104493
527685;4104990
527684;4104490
527688;4105491
527185;4105490
527691;4105991
528437;4104743
528940;4104742
527433;4105994
529436;4104744
529183;4104495
497685;4106991
497182;4106996
497681;4106503
497680;4105992
496687;4104995
497188;4104490
496683;4102988
495686;4102989
497680;4101997
497682;4101004
496685;4101990
495681;4100997
494784;4101199
494683;4101995
495685;4098999
495681;4099997
494776;4100200
495171;4099495
494440;4099169
494182;4100499
492785;4103195
492788;4102197
496676;4105951
497396;4103758
497186;4104807
493688;4100972
494684;4099491
494056;4101975
493555;4102161
522184;4103991
522185;4101742
521185;4102245
521432;4102245
521681;4101743
521684;4101994
521934;4101742
523181;4104491
518182;4103995
518684;4103994
520683;4103994
520685;4102998
519687;4103000
519683;4101993
521684;4104499
518687;4102993
520186;4101990
519936;4101994
522190;4104496
519182;4101492
521686;4103995
521189;4103994
521434;4103499
521438;4103742
521678;4102999
521686;4103492
521939;4103244
521686;4103242
521935;4101991
521934;4102243
521185;4103746
465690;4093001
467175;4094496
466683;4094979
502683;4099998
503684;4102993
502685;4099495
503182;4104493
503663;4100006
503687;4100998
502682;4101989
503684;4101996
503681;4102496
505685;4104997
503183;4103495
502683;4103992
503686;4104999
504684;4103997
474180;4093482
474181;4092993
473685;4090486
473680;4090985
473185;4090991
472686;4091989
471685;4090993
473688;4093919
464686;4089491
464686;4089991
464937;4091757
464689;4091745
464684;4091991
464452;4091736
464433;4091988
464435;4092247
464187;4092246
464185;4091991
464185;4091742
463936;4092241
470695;4091000
470686;4089997
470683;4091993
477681;4092999
477655;4094987
476695;4092991
477671;4097000
478167;4097986
478174;4098486
478964;4098010
477689;4096228
477182;4095495
491785;4102191
491782;4103197
491793;4100192
492292;4102195
491395;4103710
491357;4104528
491406;4101194
491807;4100616
502184;4103001
